Name	R	G	B
Process Yellow C	249	227	0
Process Magenta C	209	0	116
Process Cyan C	0	159	218
Process Black C	30	30	30
Violet 0631 C	191	155	222
Yellow 012 C	248	207	0
Bright Red C	237	27	16
Pink C	198	0	134
Medium Purple C	59	0	124
Dark Blue C	9	22	140
100 C	240	231	69
101 C	241	230	42
102 C	245	222	0
Yellow C	247	215	0
103 C	180	153	0
104 C	156	135	0
105 C	116	103	23
7401 C	240	218	145
7402 C	229	207	131
7403 C	230	202	108
7404 C	238	210	35
7405 C	232	195	0
7406 C	231	183	0
7407 C	187	142	59
2001 C	242	223	133
2002 C	243	219	101
2003 C	244	220	76
2004 C	245	213	97
2005 C	248	207	104
2006 C	223	174	53
2007 C	210	147	12
106 C	243	223	40
107 C	245	219	0
108 C	247	212	0
109 C	249	200	0
110 C	203	154	0
111 C	149	120	0
112 C	135	113	0
113 C	244	218	54
114 C	245	215	33
115 C	246	210	0
116 C	249	195	0
117 C	183	133	0
118 C	151	113	0
119 C	115	96	19
127 C	237	213	83
128 C	236	203	51
129 C	236	197	35
130 C	233	150	0
131 C	187	118	0
132 C	139	96	0
133 C	87	69	17
4001 C	225	210	136
4002 C	208	186	106
4003 C	201	188	130
4004 C	186	168	97
4005 C	176	156	101
4006 C	170	145	91
4007 C	154	131	75
1205 C	243	217	119
1215 C	245	207	89
1225 C	248	188	41
1235 C	250	168	0
1245 C	180	127	0
1255 C	152	113	12
1265 C	114	88	23
120 C	245	211	73
121 C	246	207	59
122 C	248	199	36
123 C	249	187	10
124 C	221	153	0
125 C	161	113	0
126 C	132	99	0
7548 C	253	187	0
7549 C	246	167	0
7550 C	191	125	0
7551 C	159	107	0
7552 C	92	65	18
7553 C	70	53	24
7554 C	57	46	31
7555 C	193	141	0
7556 C	163	121	11
7557 C	138	105	19
7558 C	128	94	22
7559 C	121	86	27
7560 C	103	79	31
7561 C	87	74	37
134 C	247	199	85
135 C	248	186	62
136 C	250	177	35
137 C	251	145	0
138 C	205	102	0
139 C	153	89	0
140 C	93	65	17
2008 C	231	176	87
2009 C	230	165	74
2010 C	255	156	0
2011 C	227	134	30
2012 C	228	129	0
2013 C	255	132	0
2014 C	164	91	0
1345 C	246	197	111
1355 C	248	184	85
1365 C	250	165	47
1375 C	251	138	0
1385 C	195	99	0
1395 C	130	76	10
1405 C	88	58	19
141 C	234	186	67
142 C	233	175	47
143 C	232	163	28
144 C	225	116	0
145 C	191	105	0
146 C	146	87	0
147 C	92	73	29
4008 C	234	159	0
4009 C	229	136	50
4010 C	213	81	0
4011 C	209	92	56
4012 C	219	91	40
4013 C	184	87	21
4014 C	163	81	53
3514 C	235	169	0
3596 C	210	173	118
3547 C	179	124	0
3588 C	249	127	9
3564 C	224	83	0
2428 C	205	116	23
2429 C	174	73	12
4015 C	199	187	75
4016 C	200	178	33
4017 C	208	170	35
4018 C	194	163	49
4019 C	178	152	55
4020 C	173	142	0
4021 C	156	128	34
7408 C	237	176	0
7409 C	231	163	1
7410 C	244	156	94
7411 C	219	147	70
7412 C	193	110	32
7413 C	207	111	31
7414 C	172	88	3
7562 C	171	138	74
7563 C	198	136	22
7564 C	202	118	0
7565 C	185	101	17
7566 C	152	79	35
7567 C	114	64	33
7568 C	97	62	38
7569 C	198	115	18
7570 C	195	110	24
7571 C	179	104	30
7572 C	161	93	33
7573 C	145	81	28
7574 C	136	86	39
7575 C	109	74	35
4022 C	193	163	104
4023 C	196	165	80
4024 C	197	157	80
4025 C	201	142	50
4026 C	171	120	42
4027 C	119	80	19
4028 C	108	77	28
4029 C	224	193	147
4030 C	233	190	155
4031 C	227	190	172
4032 C	238	189	176
4033 C	238	173	154
4034 C	187	129	96
4035 C	183	129	95
148 C	247	191	116
149 C	249	181	98
150 C	251	161	65
151 C	250	107	0
152 C	214	91	0
153 C	169	85	0
154 C	132	70	13
155 C	233	198	139
156 C	231	174	102
157 C	226	140	61
158 C	219	94	16
159 C	186	71	5
160 C	139	64	16
161 C	75	45	23
1485 C	255	157	72
1495 C	255	122	0
1505 C	254	80	0
Orange 021 C	242	54	0
1525 C	163	51	0
1535 C	124	51	0
1545 C	79	41	16
1555 C	250	169	122
1565 C	252	141	81
1575 C	251	103	27
1585 C	247	81	0
1595 C	198	73	3
1605 C	143	65	21
1615 C	115	53	21
712 C	245	188	133
713 C	245	176	112
714 C	243	152	74
715 C	233	120	21
716 C	219	96	0
717 C	193	72	0
718 C	168	56	0
2015 C	241	196	149
2016 C	255	167	90
2017 C	237	156	84
2018 C	255	94	0
2019 C	196	86	0
2020 C	168	64	0
2021 C	133	54	9
2022 C	242	151	119
2023 C	241	125	89
2024 C	237	99	64
2025 C	255	116	36
2026 C	232	72	38
2027 C	225	55	45
2028 C	221	21	0
162 C	249	175	139
163 C	252	137	86
164 C	251	103	42
165 C	246	78	8
166 C	210	58	0
167 C	169	62	14
168 C	92	41	20
7576 C	204	112	57
7577 C	209	103	40
7578 C	203	83	30
7579 C	203	64	25
7580 C	171	59	33
7581 C	111	55	37
7582 C	82	54	39
2430 C	200	143	99
2431 C	206	128	60
2432 C	206	120	66
2433 C	202	101	59
2434 C	211	97	72
2435 C	173	90	68
2436 C	160	62	44
1625 C	252	144	116
1635 C	252	118	85
1645 C	249	80	35
1655 C	240	49	0
1665 C	202	44	0
1675 C	146	48	18
1685 C	107	41	22
169 C	251	162	153
170 C	252	111	93
171 C	247	65	36
172 C	238	43	0
173 C	187	46	17
174 C	126	39	21
175 C	84	38	29
7583 C	178	74	30
7584 C	167	65	24
7585 C	156	69	39
7586 C	137	62	33
7587 C	124	56	32
7588 C	101	58	39
7589 C	72	54	42
7590 C	199	165	140
7591 C	175	103	69
7592 C	157	62	36
7593 C	136	46	31
7594 C	102	41	33
7595 C	86	44	34
7596 C	72	45	36
7597 C	191	41	21
7598 C	168	49	27
7599 C	157	40	24
7600 C	117	45	30
7601 C	107	48	31
7602 C	100	56	35
7603 C	81	49	34
7604 C	220	202	201
7605 C	215	170	164
7606 C	200	124	118
7607 C	177	86	77
7608 C	142	52	45
7609 C	108	40	38
7610 C	83	37	36
3544 C	211	168	149
2444 C	207	147	138
3519 C	214	146	157
3572 C	251	136	143
2445 C	207	113	121
2446 C	192	111	119
2447 C	156	89	98
2337 C	241	177	169
2338 C	209	144	138
2339 C	229	126	125
2340 C	189	88	98
2341 C	162	86	88
2342 C	162	67	81
2343 C	146	64	82
4036 C	175	134	132
4037 C	160	104	96
4038 C	157	94	84
4039 C	152	83	75
4040 C	127	86	80
4041 C	108	74	70
4042 C	100	74	64
7611 C	210	173	160
7612 C	186	135	122
7613 C	170	117	106
7614 C	143	106	96
7615 C	113	83	78
7616 C	85	58	58
7617 C	68	45	46
7520 C	224	176	159
7521 C	177	136	111
7522 C	161	84	65
7523 C	149	71	67
7524 C	141	62	54
7525 C	134	84	61
7526 C	113	41	17
2437 C	233	177	140
2438 C	214	143	110
2439 C	178	112	92
2440 C	163	126	118
2441 C	146	90	74
2442 C	137	74	65
2443 C	118	40	22
4043 C	214	183	157
4044 C	181	142	118
4045 C	168	131	110
4046 C	161	131	108
4047 C	152	120	96
4048 C	140	110	84
4049 C	131	110	89
489 C	229	180	162
488 C	227	169	151
487 C	225	147	128
486 C	222	122	103
485 C	202	0	16
484 C	132	31	25
483 C	80	34	26
2029 C	231	105	105
2030 C	206	97	95
2031 C	198	80	80
2032 C	191	65	67
2033 C	178	46	50
2034 C	217	30	44
2035 C	198	0	16
2344 C	228	105	89
2345 C	253	83	83
2346 C	251	61	83
2347 C	210	0	0
2348 C	214	59	59
2349 C	183	30	0
2350 C	154	13	17
4050 C	205	153	130
4051 C	209	114	98
4052 C	204	114	100
4053 C	192	99	85
4054 C	147	62	46
4055 C	142	62	49
4056 C	112	60	53
4057 C	211	76	71
4058 C	211	51	63
4059 C	172	24	47
4060 C	169	30	50
4061 C	169	76	74
4062 C	146	48	50
4063 C	132	45	37
176 C	250	159	172
177 C	252	104	118
178 C	246	62	70
Warm Red C	237	38	38
179 C	207	35	31
180 C	169	38	35
181 C	105	34	33
1765 C	248	143	164
1775 C	247	118	142
1785 C	236	44	72
1788 C	224	0	36
1795 C	192	10	32
1805 C	152	20	32
1815 C	100	24	29
1767 C	244	156	178
1777 C	241	72	105
1787 C	232	23	55
Red 032 C	226	19	45
1797 C	184	27	42
1807 C	141	33	42
1817 C	78	37	39
2448 C	200	75	63
3556 C	224	28	31
3516 C	202	28	0
3546 C	188	0	15
3517 C	174	0	13
3523 C	93	32	38
2449 C	53	26	28
7618 C	181	86	59
7619 C	174	52	39
7620 C	163	25	30
7621 C	150	11	28
7622 C	124	21	31
7623 C	116	25	31
7624 C	106	30	32
7625 C	211	54	44
7626 C	178	32	24
7627 C	143	24	28
7628 C	134	25	30
7629 C	86	36	36
7630 C	77	36	35
7631 C	66	32	33
7415 C	221	169	150
7416 C	216	79	63
7417 C	210	50	40
7418 C	186	61	70
7419 C	153	54	70
7420 C	131	16	49
7421 C	80	17	37
182 C	243	171	191
183 C	243	134	163
184 C	234	54	96
185 C	213	0	27
186 C	181	0	31
187 C	143	0	32
188 C	95	22	34
4064 C	225	162	173
4065 C	218	155	161
4066 C	223	140	136
4067 C	221	137	138
4068 C	216	121	128
4069 C	179	55	76
4070 C	159	39	61
196 C	228	184	194
197 C	222	133	158
198 C	208	40	77
199 C	196	0	35
200 C	166	0	33
201 C	135	13	39
202 C	111	22	37
189 C	240	142	173
190 C	235	91	134
191 C	226	37	90
192 C	213	0	51
193 C	171	0	45
194 C	132	21	50
195 C	97	32	48
1895 C	237	164	194
1905 C	236	133	172
1915 C	226	46	108
1925 C	209	0	57
1935 C	177	0	45
1945 C	144	0	45
1955 C	115	1	41
705 C	240	208	216
706 C	241	193	206
707 C	241	163	183
708 C	238	121	147
709 C	226	70	100
710 C	207	36	61
711 C	184	19	32
698 C	236	201	206
699 C	236	179	192
700 C	233	153	170
701 C	216	110	134
702 C	193	67	94
703 C	163	36	56
704 C	134	25	33
203 C	227	160	192
204 C	220	104	153
205 C	209	39	103
206 C	189	0	39
207 C	143	0	38
208 C	111	15	50
209 C	89	24	46
210 C	240	138	189
211 C	234	100	166
212 C	227	50	132
213 C	212	0	100
214 C	188	0	84
215 C	149	0	70
216 C	101	20	54
2036 C	241	173	205
2037 C	233	126	186
2038 C	226	68	145
2039 C	215	25	116
2040 C	202	0	71
2041 C	137	15	59
2042 C	89	26	45
7422 C	237	193	201
7423 C	208	72	115
7424 C	210	43	112
7425 C	159	13	66
7426 C	141	0	46
7427 C	129	3	34
7428 C	84	29	47
4071 C	192	113	139
4072 C	209	97	134
4073 C	178	48	93
4074 C	102	12	56
4075 C	107	35	63
4076 C	107	48	70
4077 C	108	50	65
7632 C	203	188	191
7633 C	181	145	150
7634 C	175	79	113
7635 C	180	26	79
7636 C	168	0	57
7637 C	123	28	53
7638 C	104	29	49
217 C	227	173	212
218 C	216	80	162
219 C	203	0	113
Rubine Red C	189	0	69
220 C	143	0	62
221 C	122	0	55
222 C	86	16	53
7639 C	126	87	95
7640 C	125	43	66
7641 C	119	26	56
7642 C	93	30	57
7643 C	81	31	53
7644 C	68	31	49
7645 C	61	30	44
3568 C	233	186	208
3595 C	233	171	203
2450 C	198	41	117
3527 C	196	36	140
3582 C	192	90	148
2451 C	162	43	93
2452 C	175	30	91
223 C	229	125	196
224 C	223	83	175
225 C	207	0	130
226 C	191	0	91
227 C	148	0	78
228 C	114	0	69
229 C	81	20	53
230 C	235	145	206
231 C	231	92	186
232 C	219	29	155
Rhodamine Red C	209	0	132
233 C	178	0	105
234 C	139	0	82
235 C	108	0	67
670 C	228	199	219
671 C	222	171	207
672 C	212	138	189
673 C	204	109	172
674 C	181	61	137
675 C	153	10	95
676 C	127	0	63
2043 C	225	182	200
2044 C	219	125	167
2045 C	206	91	143
2046 C	189	63	118
2047 C	142	49	91
2048 C	127	39	77
2049 C	108	30	59
677 C	221	193	211
678 C	218	186	208
679 C	212	174	201
680 C	186	128	167
681 C	157	84	132
682 C	132	50	101
683 C	101	24	67
2050 C	233	204	222
2051 C	211	178	197
2052 C	186	139	168
2053 C	161	105	139
2054 C	139	89	121
2055 C	124	72	104
2056 C	105	53	84
4078 C	221	177	204
4079 C	191	147	180
4080 C	195	158	191
4081 C	157	124	150
4082 C	147	79	125
4083 C	113	68	127
4084 C	91	42	79
684 C	218	184	202
685 C	208	165	189
686 C	194	141	171
687 C	172	110	146
688 C	146	77	118
689 C	113	41	84
690 C	75	22	49
510 C	226	175	190
509 C	221	162	182
508 C	216	151	172
507 C	197	125	153
506 C	108	36	60
505 C	87	31	47
504 C	66	29	37
7429 C	217	171	192
7430 C	208	150	178
7431 C	185	104	141
7432 C	162	68	109
7433 C	146	35	81
7434 C	133	30	71
7435 C	112	21	63
691 C	225	193	197
692 C	217	175	181
693 C	201	143	154
694 C	178	110	125
695 C	160	85	102
696 C	129	52	68
697 C	113	43	53
496 C	234	184	196
495 C	232	173	187
494 C	220	143	161
493 C	203	113	133
492 C	119	34	39
491 C	103	33	38
490 C	71	30	32
503 C	223	183	186
502 C	218	171	179
501 C	203	147	156
500 C	178	113	122
499 C	97	46	42
498 C	82	41	38
497 C	61	35	33
4085 C	187	167	157
4086 C	173	147	148
4087 C	167	140	133
4088 C	148	119	108
4089 C	144	120	116
4090 C	121	96	83
4091 C	102	76	75
4092 C	187	148	166
4093 C	156	123	129
4094 C	124	84	98
4095 C	117	69	88
4096 C	97	55	59
4097 C	95	57	64
4098 C	80	51	46
5035 C	212	180	182
5025 C	206	168	173
5015 C	188	143	148
5005 C	155	103	110
4995 C	133	76	85
4985 C	111	57	64
4975 C	46	23	24
4099 C	153	113	112
4100 C	103	59	59
4101 C	76	22	29
4102 C	65	18	27
4103 C	61	26	34
4104 C	64	43	44
4105 C	80	47	38
236 C	232	147	213
237 C	225	109	198
238 C	214	65	178
239 C	203	32	161
240 C	178	12	137
241 C	153	0	114
242 C	104	19	76
2057 C	192	124	169
2058 C	167	111	155
2059 C	166	101	144
2060 C	182	82	152
2061 C	153	59	118
2062 C	159	45	123
2063 C	143	26	105
2365 C	231	168	218
2375 C	213	92	195
2385 C	196	27	166
2395 C	181	0	143
2405 C	154	0	123
2415 C	135	0	106
2425 C	108	0	82
243 C	226	166	222
244 C	218	133	212
245 C	208	100	201
246 C	182	0	161
247 C	167	0	147
248 C	143	0	125
249 C	105	23	89
7646 C	146	87	117
7647 C	147	37	95
7648 C	131	7	83
7649 C	115	6	78
7650 C	91	19	69
7651 C	84	27	73
7652 C	74	25	64
250 C	222	168	223
251 C	210	133	216
252 C	186	71	198
Purple C	169	0	174
253 C	153	0	157
254 C	131	0	134
255 C	93	19	90
2064 C	213	140	203
2065 C	210	148	213
2066 C	196	117	201
2067 C	174	79	182
2068 C	157	53	167
2069 C	143	32	152
2070 C	120	0	131
517 C	227	184	216
516 C	220	175	213
515 C	214	154	206
514 C	196	117	188
513 C	123	32	123
512 C	107	32	99
511 C	75	31	63
2351 C	172	98	164
2352 C	162	76	150
2353 C	173	50	149
2354 C	124	57	122
2355 C	113	0	104
2356 C	92	0	79
2357 C	77	7	52
7653 C	129	114	130
7654 C	143	98	139
7655 C	140	67	131
7656 C	120	38	109
7657 C	88	27	80
7658 C	84	36	77
7659 C	73	39	66
5175 C	206	186	198
5165 C	200	177	194
5155 C	176	146	170
5145 C	135	97	129
5135 C	105	63	98
5125 C	84	42	76
5115 C	62	29	52
4106 C	181	152	162
4107 C	154	126	147
4108 C	146	110	132
4109 C	138	99	118
4110 C	117	88	108
4111 C	101	67	86
4112 C	118	88	95
5245 C	209	193	201
5235 C	195	175	187
5225 C	183	159	174
5215 C	157	129	149
5205 C	112	80	103
5195 C	81	50	71
5185 C	56	35	50
4113 C	144	121	127
4114 C	137	119	128
4115 C	130	107	111
4116 C	132	111	111
4117 C	94	80	99
4118 C	54	41	62
4119 C	48	41	53
524 C	203	179	207
523 C	189	159	199
522 C	171	135	186
521 C	147	104	165
520 C	79	31	90
519 C	70	34	77
518 C	57	34	56
7436 C	232	208	230
7437 C	191	155	198
7438 C	200	135	207
7439 C	161	113	172
7440 C	143	96	151
7441 C	140	68	181
7442 C	129	36	177
2562 C	203	149	222
2572 C	187	115	213
2582 C	153	53	187
2592 C	134	10	168
2602 C	114	0	140
2612 C	97	19	113
2622 C	80	33	83
531 C	215	186	226
530 C	205	167	222
529 C	189	140	215
528 C	165	104	200
527 C	106	28	152
526 C	91	29	121
525 C	68	30	77
256 C	204	175	214
257 C	184	140	197
258 C	119	49	136
259 C	87	17	100
260 C	79	24	85
261 C	73	26	77
262 C	62	27	62
2563 C	190	143	209
2573 C	168	108	193
2583 C	140	70	168
2593 C	110	30	138
2603 C	90	16	111
2613 C	82	16	98
2623 C	74	19	85
2078 C	165	138	174
2079 C	135	104	148
2080 C	132	92	157
2081 C	114	72	140
2082 C	100	57	127
2083 C	130	70	189
2084 C	106	32	164
2453 C	168	129	183
3520 C	160	99	184
3559 C	121	58	152
3593 C	135	87	168
3575 C	131	91	184
3543 C	147	120	200
3515 C	76	0	106
2071 C	186	160	216
2072 C	168	129	203
2073 C	159	128	203
2074 C	129	82	177
2075 C	116	79	175
2076 C	113	66	167
2077 C	89	43	146
7660 C	135	125	148
7661 C	121	88	134
7662 C	101	46	112
7663 C	86	31	100
7664 C	80	34	102
7665 C	75	38	92
7666 C	73	59	81
2567 C	178	140	210
2577 C	149	100	191
2587 C	109	48	160
2597 C	71	0	121
2607 C	61	0	101
2617 C	53	0	85
2627 C	45	10	66
263 C	206	183	225
264 C	180	147	221
265 C	125	75	196
266 C	97	37	177
267 C	75	19	143
268 C	69	28	113
269 C	63	30	91
2085 C	214	191	226
2086 C	143	117	194
2087 C	137	101	204
2088 C	110	69	189
2089 C	94	50	177
2090 C	82	37	168
2091 C	58	0	146
2635 C	184	163	221
2645 C	156	129	213
2655 C	131	97	202
2665 C	105	63	187
Violet C	50	0	136
2685 C	36	0	94
2695 C	33	19	55
2092 C	170	154	206
2093 C	149	132	181
2094 C	123	105	159
2095 C	102	79	164
2096 C	83	58	147
2097 C	79	47	175
2098 C	57	21	155
2099 C	161	143	192
2100 C	142	122	191
2101 C	119	93	200
2102 C	84	67	163
2103 C	72	53	152
2104 C	57	37	136
2105 C	42	20	105
4120 C	170	154	198
4121 C	137	119	167
4122 C	101	86	164
4123 C	150	149	175
4124 C	126	125	162
4125 C	77	75	100
4126 C	63	49	81
270 C	167	164	217
271 C	133	128	201
272 C	100	94	181
273 C	27	13	77
274 C	25	15	64
275 C	24	16	55
276 C	25	21	40
3558 C	129	137	204
3555 C	63	20	103
3583 C	63	17	114
3574 C	73	51	110
3566 C	55	29	97
3535 C	47	0	115
3542 C	36	10	106
2705 C	152	145	218
2715 C	121	110	207
2725 C	85	70	189
2735 C	32	0	121
2745 C	28	0	94
2755 C	27	9	79
2765 C	24	15	55
7667 C	94	103	144
7668 C	87	89	143
7669 C	80	73	139
7670 C	70	61	131
7671 C	65	51	120
7672 C	60	46	114
7673 C	67	64	116
7443 C	213	208	227
7444 C	169	168	213
7445 C	151	144	183
7446 C	120	112	192
7447 C	74	53	100
7448 C	57	41	60
7449 C	49	28	44
7674 C	119	119	166
7675 C	107	106	156
7676 C	98	80	144
7677 C	91	60	128
7678 C	85	51	124
7679 C	68	43	112
7680 C	64	33	102
663 C	222	217	225
664 C	216	209	220
665 C	185	172	198
666 C	143	125	163
667 C	104	84	128
668 C	78	57	102
669 C	47	30	68
5315 C	207	205	216
5305 C	186	182	201
5295 C	164	160	184
5285 C	122	117	149
5275 C	71	65	102
5265 C	49	43	78
5255 C	22	19	39
2358 C	156	145	158
2359 C	107	95	113
2360 C	104	100	124
2361 C	93	92	123
2362 C	89	85	110
2363 C	78	73	98
2364 C	83	69	89
4127 C	110	109	131
4128 C	92	92	115
4129 C	86	91	108
4130 C	65	71	89
4131 C	56	57	75
4132 C	45	43	57
4133 C	45	44	54
2106 C	163	165	196
2107 C	128	133	174
2108 C	103	106	153
2109 C	86	87	137
2110 C	75	76	126
2111 C	56	59	108
2112 C	38	22	82
2113 C	151	158	222
2114 C	115	120	190
2115 C	96	99	177
2116 C	80	82	164
2117 C	55	54	140
2118 C	41	38	103
2119 C	34	32	83
2366 C	90	86	196
2367 C	64	55	163
2368 C	62	52	178
2369 C	47	44	169
2370 C	37	27	132
2371 C	38	0	124
2372 C	31	19	102
538 C	186	196	210
537 C	175	186	206
536 C	148	162	190
535 C	127	140	176
534 C	25	39	76
533 C	25	30	53
532 C	22	23	31
7541 C	209	217	220
7542 C	151	173	182
7543 C	135	147	158
7544 C	101	114	128
7545 C	53	66	81
7546 C	30	41	55
7547 C	16	22	30
2162 C	141	148	165
2163 C	118	137	160
2164 C	109	128	152
2165 C	88	109	135
2166 C	73	94	121
2167 C	67	88	116
2168 C	32	57	75
4134 C	144	144	161
4135 C	106	113	139
4136 C	80	90	111
4137 C	57	74	100
4138 C	63	75	95
4139 C	63	70	88
4140 C	44	46	54
2373 C	98	110	143
2374 C	63	75	111
2376 C	63	72	96
2377 C	42	65	94
2378 C	45	55	85
2379 C	46	52	71
2380 C	31	38	58
552 C	174	200	213
551 C	152	186	202
550 C	129	169	191
549 C	97	146	171
548 C	0	45	60
547 C	0	36	46
546 C	13	31	37
5455 C	179	194	205
5445 C	171	188	201
5435 C	152	172	189
5425 C	108	134	157
5415 C	78	106	132
5405 C	68	97	121
5395 C	12	23	33
2155 C	144	165	193
2156 C	124	148	181
2157 C	102	128	166
2158 C	79	109	150
2159 C	67	98	140
2160 C	54	85	128
2161 C	38	68	111
2134 C	132	147	198
2135 C	101	119	181
2136 C	115	128	171
2137 C	94	107	155
2138 C	83	97	128
2139 C	65	84	132
2140 C	48	64	112
642 C	200	212	225
643 C	188	203	222
644 C	142	168	202
645 C	111	143	185
646 C	83	118	166
647 C	37	77	129
648 C	0	33	76
649 C	212	218	228
650 C	197	208	224
651 C	154	173	205
652 C	111	136	181
653 C	46	77	132
654 C	14	43	94
655 C	8	26	67
656 C	214	221	233
657 C	190	206	231
658 C	166	188	228
659 C	111	145	213
660 C	61	104	192
661 C	0	37	132
662 C	9	17	94
2127 C	172	189	219
2128 C	139	166	223
2129 C	84	120	212
2130 C	74	96	201
2131 C	48	69	178
2132 C	27	66	184
2133 C	33	67	151
7450 C	176	183	211
7451 C	124	152	223
7452 C	114	127	215
7453 C	112	147	216
7454 C	85	122	167
7455 C	51	72	159
7456 C	81	88	165
2120 C	178	189	230
2121 C	129	155	209
2122 C	141	156	223
2123 C	108	126	214
2124 C	95	101	204
2125 C	70	75	190
2126 C	40	40	165
2706 C	193	199	231
2716 C	145	156	224
2726 C	60	70	189
2736 C	26	20	155
2746 C	21	17	126
2756 C	19	21	90
2766 C	17	19	61
2708 C	173	191	230
2718 C	81	115	212
2728 C	16	51	175
2738 C	10	0	123
2748 C	7	16	94
2758 C	9	20	80
2768 C	12	21	57
2707 C	185	204	235
2717 C	156	184	235
2727 C	53	104	222
Blue 072 C	16	0	143
2747 C	2	17	96
2757 C	6	21	78
2767 C	18	29	59
277 C	160	189	229
278 C	128	168	229
279 C	65	121	216
Reflex Blue C	0	10	120
280 C	11	22	88
281 C	0	22	73
282 C	10	22	51
283 C	135	178	229
284 C	100	154	224
285 C	0	92	198
286 C	0	34	145
287 C	0	33	118
288 C	0	31	96
289 C	14	25	49
3506 C	33	77	161
3590 C	50	67	145
3584 C	37	45	109
3591 C	13	25	108
3597 C	26	40	98
3581 C	29	36	92
3524 C	35	29	64
4141 C	62	79	146
4142 C	50	59	110
4143 C	54	66	93
4144 C	45	43	71
4145 C	35	37	62
4146 C	21	21	41
4147 C	29	24	48
7681 C	134	151	193
7682 C	90	114	171
7683 C	58	88	155
7684 C	49	73	141
7685 C	41	66	134
7686 C	31	60	128
7687 C	29	48	120
2141 C	128	175	228
2142 C	115	155	222
2143 C	59	114	195
2144 C	18	82	174
2145 C	0	58	154
2146 C	0	37	125
2147 C	11	26	101
545 C	188	208	226
544 C	179	203	225
543 C	153	186	220
542 C	112	158	204
541 C	0	44	95
540 C	0	35	70
539 C	9	28	44
290 C	175	207	231
291 C	145	191	232
292 C	98	163	227
293 C	0	43	151
294 C	0	33	91
295 C	0	29	68
296 C	9	21	33
2905 C	132	187	229
2915 C	93	165	225
2925 C	43	136	217
2935 C	0	65	172
2945 C	0	57	136
2955 C	0	41	83
2965 C	2	28	47
2169 C	116	159	201
2170 C	85	136	187
2171 C	70	140	218
2172 C	38	101	201
2173 C	27	111	206
2174 C	0	96	198
2175 C	0	84	189
2381 C	84	127	213
2382 C	36	117	209
2383 C	42	95	160
2384 C	0	77	145
2386 C	45	83	186
2387 C	29	76	190
2388 C	0	59	169
4148 C	85	132	161
4149 C	123	153	186
4150 C	71	104	172
4151 C	0	82	158
4152 C	27	62	130
4153 C	29	59	121
4154 C	21	49	98
297 C	107	184	229
298 C	72	167	226
299 C	20	144	220
300 C	0	73	173
301 C	0	56	118
302 C	0	44	75
303 C	9	31	44
7688 C	68	133	193
7689 C	50	123	183
7690 C	19	98	154
7691 C	0	77	136
7692 C	14	66	117
7693 C	16	55	99
7694 C	17	49	88
2148 C	86	125	167
2149 C	68	110	153
2150 C	51	96	141
2151 C	40	86	147
2152 C	34	81	126
2153 C	19	66	109
2154 C	5	52	111
2183 C	32	127	178
2184 C	0	111	206
2185 C	0	97	151
2186 C	0	54	118
2187 C	0	53	101
2188 C	0	49	88
2189 C	12	38	57
2975 C	143	204	231
2985 C	89	180	228
2995 C	14	151	220
3005 C	0	97	191
3015 C	0	77	140
3025 C	0	61	96
3035 C	0	47	65
2190 C	84	167	227
2191 C	43	144	221
2192 C	0	124	213
2193 C	0	124	213
2194 C	0	113	207
2195 C	0	97	200
2196 C	0	84	165
7695 C	110	150	175
7696 C	87	135	159
7697 C	69	116	144
7698 C	57	96	123
7699 C	46	81	108
7700 C	30	72	107
7701 C	2	68	100
2176 C	151	169	180
2177 C	112	142	157
2178 C	92	124	139
2179 C	70	103	120
2180 C	54	89	107
2181 C	38	72	90
2182 C	25	57	74
2204 C	163	193	207
2205 C	124	162	185
2206 C	106	141	168
2207 C	89	135	164
2208 C	74	117	148
2209 C	65	114	145
2210 C	23	61	95
4155 C	173	189	193
4156 C	138	177	193
4157 C	92	157	182
4158 C	54	107	134
4159 C	0	67	113
4160 C	11	55	79
4161 C	39	59	73
7457 C	178	212	225
7458 C	103	162	190
7459 C	64	133	167
7460 C	0	113	182
7461 C	0	104	175
7462 C	0	65	122
7463 C	5	31	57
304 C	145	210	228
305 C	90	191	229
306 C	0	165	223
Process Blue C	0	111	194
307 C	0	86	152
308 C	0	69	107
309 C	0	44	57
635 C	154	210	228
636 C	130	201	226
637 C	81	181	219
638 C	9	158	209
639 C	0	130	191
640 C	0	109	175
641 C	0	82	146
3577 C	126	171	215
3545 C	32	173	221
3551 C	0	148	192
3538 C	0	129	207
3553 C	0	88	167
2454 C	44	105	146
3526 C	106	128	139
2389 C	72	141	190
2390 C	33	104	157
2391 C	24	109	151
2392 C	31	84	116
2393 C	0	126	194
2394 C	0	119	199
2396 C	0	134	164
7702 C	72	152	187
7703 C	33	137	178
7704 C	0	113	159
7705 C	0	91	134
7706 C	0	86	125
7707 C	0	77	109
7708 C	0	67	94
2197 C	111	200	227
2198 C	80	189	223
2199 C	13	172	215
2200 C	45	152	189
2201 C	0	157	208
2202 C	0	146	219
2203 C	0	115	160
628 C	174	213	219
629 C	144	200	214
630 C	111	184	205
631 C	67	161	190
632 C	0	128	164
633 C	0	95	134
634 C	0	75	113
310 C	103	198	223
311 C	54	182	216
312 C	0	152	198
313 C	0	126	179
314 C	0	107	149
315 C	0	83	110
316 C	0	55	64
3105 C	101	200	218
3115 C	32	179	206
3125 C	0	157	190
3135 C	0	121	158
3145 C	0	98	123
3155 C	0	79	96
3165 C	0	61	72
7709 C	91	162	175
7710 C	32	150	168
7711 C	0	133	154
7712 C	0	113	140
7713 C	0	105	121
7714 C	0	99	110
7715 C	0	79	86
2218 C	103	160	177
2219 C	84	146	166
2220 C	66	132	153
2221 C	49	121	143
2222 C	40	110	135
2223 C	27	100	125
2224 C	8	85	111
317 C	167	221	222
318 C	128	211	217
319 C	65	193	203
320 C	0	138	153
321 C	0	121	133
322 C	0	95	102
323 C	0	76	80
2225 C	114	204	220
2226 C	72	191	212
2227 C	87	177	192
2228 C	0	148	179
2229 C	0	137	171
2230 C	0	121	146
2231 C	0	103	130
4162 C	156	201	184
4163 C	131	191	172
4164 C	36	111	95
4165 C	33	86	78
4166 C	55	98	94
4167 C	42	82	73
4168 C	31	53	53
7464 C	149	198	191
7465 C	71	181	157
7466 C	0	160	174
7467 C	0	145	161
7468 C	0	95	135
7469 C	0	75	116
7470 C	0	71	93
7471 C	120	213	203
7472 C	87	170	164
7473 C	48	135	119
7474 C	0	99	112
7475 C	61	103	104
7476 C	22	64	69
7477 C	32	59	72
2211 C	99	136	148
2212 C	71	113	127
2213 C	46	93	102
2214 C	46	90	104
2215 C	39	67	83
2216 C	37	60	71
2217 C	13	43	50
5523 C	170	196	198
5513 C	158	187	190
5503 C	133	168	174
5493 C	113	152	159
5483 C	69	115	124
5473 C	26	75	84
5463 C	12	29	34
2232 C	101	160	166
2233 C	81	150	161
2234 C	72	142	150
2235 C	48	129	141
2236 C	49	127	137
2237 C	33	115	125
2238 C	0	85	99
7716 C	25	132	125
7717 C	0	114	106
7718 C	0	99	96
7719 C	0	90	86
7720 C	0	80	74
7721 C	0	75	75
7722 C	10	63	64
324 C	146	211	209
325 C	97	194	190
326 C	0	163	154
327 C	0	115	98
328 C	0	96	85
329 C	0	85	76
330 C	11	65	59
2455 C	133	175	165
3533 C	102	211	190
3534 C	0	163	148
2456 C	53	138	120
3560 C	0	147	135
3557 C	0	105	111
3541 C	0	127	143
3242 C	109	212	204
3252 C	64	200	191
3262 C	0	177	166
3272 C	0	147	138
3282 C	0	114	103
3292 C	0	71	63
3302 C	9	60	53
2397 C	0	168	178
2398 C	28	173	165
2399 C	0	156	146
2400 C	0	161	134
2401 C	58	151	134
2402 C	0	140	115
2403 C	0	118	105
2457 C	124	154	135
2458 C	91	134	110
2459 C	80	161	129
2460 C	96	159	155
2461 C	47	131	127
2462 C	78	123	114
2463 C	76	98	93
4169 C	170	188	181
4170 C	149	175	172
4171 C	140	171	166
4172 C	115	161	154
4173 C	120	184	179
4174 C	119	180	179
4175 C	134	172	182
3245 C	118	217	202
3255 C	66	204	185
3265 C	0	187	164
3275 C	0	164	137
3285 C	0	133	112
3295 C	0	100	83
3305 C	13	61	51
3248 C	104	194	170
3258 C	77	185	162
3268 C	0	156	123
3278 C	0	138	100
3288 C	0	111	81
3298 C	0	87	65
3308 C	15	54	42
566 C	173	212	200
565 C	149	205	191
564 C	121	189	176
563 C	96	174	159
562 C	0	93	80
561 C	17	71	60
560 C	24	46	39
573 C	171	220	207
572 C	154	216	201
571 C	141	211	196
570 C	100	192	173
569 C	0	111	91
568 C	8	89	73
567 C	21	48	39
559 C	161	190	170
558 C	141	176	154
557 C	120	161	136
556 C	99	145	116
555 C	41	95	62
554 C	33	73	48
553 C	34	55	39
2404 C	150	171	138
2406 C	113	141	116
2407 C	91	123	95
2408 C	63	103	67
2409 C	61	83	54
2410 C	53	73	46
2411 C	24	51	23
5595 C	178	195	181
5585 C	152	176	162
5575 C	129	156	143
5565 C	110	139	125
5555 C	76	108	94
5545 C	54	86	73
5535 C	20	36	30
5665 C	173	184	170
5655 C	162	174	160
5645 C	147	162	146
5635 C	132	147	131
5625 C	96	113	95
5615 C	78	96	77
5605 C	27	42	32
4176 C	185	194	181
4177 C	173	177	158
4178 C	152	159	134
4179 C	133	147	108
4180 C	125	135	108
4181 C	98	114	92
4182 C	89	100	83
4183 C	171	179	164
4184 C	138	154	141
4185 C	120	144	137
4186 C	92	122	119
4187 C	88	104	105
4188 C	55	74	74
4189 C	28	57	64
5527 C	176	188	184
5517 C	163	178	174
5507 C	142	159	156
5497 C	114	134	131
5487 C	79	101	97
5477 C	51	74	70
5467 C	22	38	35
4190 C	152	162	146
4191 C	131	148	141
4192 C	116	131	116
4193 C	79	84	71
4194 C	69	80	78
4195 C	82	81	83
4196 C	58	67	72
4197 C	122	137	124
4198 C	89	106	92
4199 C	72	85	74
4200 C	73	89	79
4201 C	65	85	74
4202 C	45	61	54
4203 C	38	56	48
621 C	200	217	205
622 C	170	194	181
623 C	139	171	157
624 C	104	142	126
625 C	67	108	93
626 C	35	74	60
627 C	18	37	32
331 C	158	225	207
332 C	132	220	199
333 C	73	211	181
Green C	0	155	116
334 C	0	133	100
335 C	0	105	78
336 C	0	83	63
2239 C	33	197	168
2240 C	0	180	144
2241 C	78	145	127
2242 C	0	147	100
2243 C	18	131	103
2244 C	35	110	91
2245 C	0	116	67
337 C	133	205	175
338 C	104	196	163
339 C	19	165	117
340 C	0	133	75
341 C	0	104	65
342 C	0	84	55
343 C	23	69	48
7723 C	74	150	113
7724 C	31	132	89
7725 C	0	117	67
7726 C	0	105	58
7727 C	0	92	52
7728 C	0	85	53
7729 C	5	70	53
3375 C	116	219	179
3385 C	78	207	157
3395 C	0	184	119
3405 C	0	160	84
3415 C	0	100	57
3425 C	0	81	49
3435 C	21	55	39
2246 C	156	203	172
2247 C	109	181	136
2248 C	100	170	124
2249 C	81	156	107
2250 C	31	165	95
2251 C	0	158	92
2252 C	0	153	56
2412 C	77	206	132
2413 C	60	170	125
2414 C	34	175	107
2416 C	0	163	99
2417 C	47	141	87
2418 C	0	117	47
2419 C	0	106	70
344 C	150	210	163
345 C	135	206	156
346 C	106	194	133
347 C	0	138	51
348 C	0	114	45
349 C	23	88	41
350 C	36	64	38
351 C	152	223	169
352 C	133	221	160
353 C	120	218	150
354 C	0	164	46
355 C	0	134	41
356 C	0	104	36
357 C	29	70	37
7478 C	145	222	177
7479 C	57	199	103
7480 C	0	179	91
7481 C	0	170	60
7482 C	0	143	59
7483 C	34	75	42
7484 C	15	70	48
2253 C	179	228	189
2254 C	163	216	163
2255 C	125	201	130
2256 C	84	183	92
2257 C	36	159	60
2258 C	16	116	21
2259 C	22	96	23
2464 C	109	177	91
2465 C	33	92	34
3522 C	0	120	34
3536 C	0	101	42
3500 C	0	91	38
3537 C	0	57	22
2466 C	35	63	60
7730 C	67	132	77
7731 C	41	118	55
7732 C	13	103	47
7733 C	20	93	49
7734 C	36	79	48
7735 C	44	69	44
7736 C	45	68	50
7737 C	93	150	38
7738 C	66	147	45
7739 C	51	139	47
7740 C	54	128	46
7741 C	59	118	45
7742 C	61	101	44
7743 C	54	87	45
4204 C	181	199	148
4205 C	153	180	113
4206 C	126	158	109
4207 C	110	144	99
4208 C	51	94	66
4209 C	46	69	58
4210 C	40	61	50
2260 C	168	198	157
2261 C	137	174	125
2262 C	122	158	117
2263 C	98	132	87
2264 C	89	133	75
2265 C	74	108	62
2266 C	39	68	25
358 C	161	213	124
359 C	149	209	110
360 C	99	183	52
361 C	65	162	23
362 C	71	142	29
363 C	65	123	27
364 C	61	100	27
2267 C	144	219	133
2268 C	112	211	103
2269 C	114	195	87
2270 C	57	191	56
2271 C	15	175	31
2272 C	31	138	7
2273 C	37	96	26
2420 C	27	188	74
2421 C	52	172	0
2422 C	16	153	29
2423 C	0	156	0
2424 C	46	144	0
2426 C	0	123	10
2427 C	18	77	20
7485 C	198	215	171
7486 C	178	219	126
7487 C	130	216	77
7488 C	109	208	51
7489 C	101	155	58
7490 C	98	136	54
7491 C	102	116	42
2274 C	197	211	161
2275 C	184	212	127
2276 C	120	153	58
2277 C	72	132	11
2278 C	64	111	18
2279 C	77	107	27
2280 C	59	88	19
365 C	183	219	115
366 C	171	215	97
367 C	151	207	69
368 C	107	179	6
369 C	87	152	0
370 C	85	123	11
371 C	66	79	23
3570 C	162	207	0
3507 C	160	200	0
3561 C	106	186	0
3501 C	69	160	0
3529 C	47	153	21
3539 C	57	138	29
3508 C	77	103	33
2281 C	209	229	133
2282 C	189	229	128
2283 C	155	220	75
2284 C	166	204	102
2285 C	134	212	49
2286 C	108	196	0
2287 C	83	188	0
372 C	202	232	119
373 C	195	231	103
374 C	185	228	82
375 C	136	209	0
376 C	116	178	0
377 C	103	138	0
378 C	70	79	18
2288 C	190	221	97
2289 C	185	209	99
2290 C	156	213	0
2291 C	152	206	0
2292 C	133	192	0
2293 C	122	187	0
2294 C	103	156	0
2295 C	216	232	114
2296 C	204	228	75
2297 C	178	218	0
2298 C	171	213	62
2299 C	150	202	26
2300 C	153	183	41
2301 C	125	159	0
580 C	185	205	146
579 C	177	199	135
578 C	171	196	128
577 C	155	184	106
576 C	105	140	55
575 C	86	111	41
574 C	61	73	35
4211 C	197	209	126
4212 C	116	159	43
4213 C	90	126	35
4214 C	75	101	66
4215 C	68	91	46
4216 C	48	71	25
4217 C	60	76	24
5807 C	197	199	153
5797 C	184	188	136
5787 C	171	175	118
5777 C	144	148	83
5767 C	118	123	55
5757 C	89	94	31
5747 C	46	53	21
5875 C	199	195	139
5865 C	190	187	126
5855 C	177	173	113
5845 C	158	153	88
5835 C	141	135	67
5825 C	117	110	43
5815 C	66	63	25
4218 C	159	165	138
4219 C	148	153	132
4220 C	117	118	100
4221 C	102	106	76
4222 C	96	97	80
4223 C	81	86	64
4224 C	48	56	42
5803 C	182	186	150
5793 C	164	170	130
5783 C	147	153	111
5773 C	119	126	80
5763 C	96	104	58
5753 C	76	84	41
5743 C	48	56	28
4225 C	121	110	95
4226 C	114	110	81
4227 C	87	84	63
4228 C	70	68	46
4229 C	74	72	57
4230 C	71	65	59
4231 C	80	72	62
7492 C	179	193	106
7493 C	173	184	126
7494 C	139	159	116
7495 C	124	136	42
7496 C	98	118	13
7497 C	101	94	67
7498 C	73	79	39
2302 C	158	171	76
2303 C	142	165	65
2304 C	142	156	56
2305 C	140	152	0
2306 C	108	122	20
2307 C	84	93	6
2308 C	71	69	18
7744 C	170	176	0
7745 C	153	158	12
7746 C	134	138	29
7747 C	117	123	31
7748 C	104	110	35
7749 C	94	96	39
7750 C	81	83	38
379 C	218	227	77
380 C	209	223	36
381 C	193	214	0
382 C	183	207	0
383 C	150	159	0
384 C	128	130	0
385 C	99	94	19
386 C	226	232	80
387 C	218	229	19
388 C	215	228	0
389 C	195	218	0
390 C	164	178	0
391 C	133	132	0
392 C	109	103	0
587 C	219	223	118
586 C	216	220	99
585 C	210	216	87
584 C	199	207	59
583 C	168	179	0
582 C	122	122	0
581 C	78	75	21
4232 C	197	197	0
4233 C	176	177	0
4234 C	173	181	68
4235 C	160	161	103
4236 C	177	177	82
4237 C	154	146	75
4238 C	121	120	63
393 C	234	233	89
394 C	230	230	24
395 C	228	229	0
396 C	213	219	0
397 C	174	172	0
398 C	154	148	0
399 C	139	128	0
3935 C	237	230	64
3945 C	235	225	0
3955 C	231	218	0
3965 C	228	214	0
3975 C	169	151	0
3985 C	133	116	0
3995 C	83	74	20
600 C	235	230	135
601 C	234	228	122
602 C	234	227	98
603 C	229	218	47
604 C	225	211	0
605 C	214	195	0
606 C	192	167	0
607 C	228	222	133
608 C	225	219	111
609 C	222	215	94
610 C	214	204	58
611 C	202	189	0
612 C	180	162	0
613 C	159	138	0
461 C	225	216	130
460 C	219	206	102
459 C	211	194	73
458 C	205	187	61
457 C	166	140	0
456 C	142	123	23
455 C	85	72	24
614 C	210	204	134
615 C	203	196	119
616 C	195	188	108
617 C	176	167	74
618 C	153	142	40
619 C	139	127	23
620 C	117	104	10
7751 C	187	167	52
7752 C	191	161	6
7753 C	175	143	4
7754 C	139	115	24
7755 C	115	99	32
7756 C	94	83	37
7757 C	83	75	36
7758 C	199	183	0
7759 C	180	163	0
7760 C	125	114	28
7761 C	96	94	38
7762 C	75	81	41
7763 C	70	73	43
7764 C	65	66	39
7765 C	170	165	8
7766 C	162	153	5
7767 C	151	140	27
7768 C	120	108	35
7769 C	91	78	37
7770 C	79	71	41
7771 C	60	57	37
4545 C	202	191	140
4535 C	194	183	126
4525 C	182	169	109
4515 C	162	146	83
4505 C	133	114	47
4495 C	118	99	34
4485 C	77	62	26
2323 C	169	162	133
2324 C	159	146	111
2325 C	140	126	95
2326 C	118	105	74
2327 C	110	102	69
2328 C	98	84	54
2329 C	83	71	44
4239 C	188	181	164
4240 C	189	177	148
4241 C	171	155	116
4242 C	116	98	61
4243 C	109	86	58
4244 C	106	85	61
4245 C	71	62	49
454 C	191	186	149
453 C	178	172	133
452 C	160	153	105
451 C	138	129	74
450 C	70	57	27
449 C	64	53	28
448 C	57	49	30
7499 C	235	223	160
7500 C	213	198	148
7501 C	206	187	138
7502 C	192	169	114
7503 C	150	134	83
7504 C	127	100	73
7505 C	107	77	47
4246 C	193	182	153
4247 C	197	179	151
4248 C	201	181	147
4249 C	179	156	119
4250 C	170	151	115
4251 C	168	144	101
4252 C	165	144	112
468 C	211	190	145
467 C	200	173	120
466 C	184	152	96
465 C	169	131	70
464 C	118	71	28
463 C	94	60	28
462 C	73	53	31
4253 C	170	147	121
4254 C	173	135	92
4255 C	154	132	98
4256 C	151	125	93
4257 C	128	104	92
4258 C	91	73	70
4259 C	37	30	26
3599 C	207	181	114
2467 C	165	126	87
2468 C	130	85	58
2469 C	120	69	42
2470 C	133	107	78
2471 C	146	116	98
2472 C	75	48	29
7506 C	234	210	161
7507 C	246	199	132
7508 C	212	169	104
7509 C	199	146	74
7510 C	179	117	42
7511 C	162	99	24
7512 C	143	79	12
719 C	227	187	143
720 C	219	168	116
721 C	207	146	88
722 C	180	110	45
723 C	157	85	19
724 C	123	58	5
725 C	101	47	13
475 C	235	196	162
474 C	233	185	148
473 C	231	176	135
472 C	216	138	86
471 C	163	75	21
470 C	141	70	27
469 C	83	47	24
726 C	213	179	139
727 C	204	164	122
728 C	188	143	96
729 C	161	109	59
730 C	135	82	29
731 C	95	50	10
732 C	76	38	12
2316 C	171	135	100
2317 C	159	115	72
2318 C	141	96	53
2319 C	116	73	33
2320 C	90	54	23
2321 C	89	63	40
2322 C	58	40	26
2309 C	221	194	165
2310 C	204	178	151
2311 C	188	150	112
2312 C	164	136	108
2313 C	176	128	80
2314 C	150	98	48
2315 C	121	55	5
4685 C	213	185	156
4675 C	208	177	148
4665 C	189	150	115
4655 C	173	128	94
4645 C	152	104	68
4635 C	126	76	39
4625 C	59	32	21
4260 C	192	150	124
4261 C	136	89	52
4262 C	146	93	58
4263 C	149	89	53
4264 C	152	90	63
4265 C	134	78	54
4266 C	131	75	41
7513 C	213	168	149
7514 C	197	144	112
7515 C	179	119	82
7516 C	129	65	28
7517 C	109	49	19
7518 C	87	61	54
7519 C	74	58	45
4755 C	204	181	168
4745 C	192	165	150
4735 C	176	144	126
4725 C	156	117	101
4715 C	128	87	69
4705 C	102	58	43
4695 C	71	37	28
482 C	209	186	167
481 C	199	171	150
480 C	185	151	126
479 C	152	106	81
478 C	91	45	30
477 C	77	43	30
476 C	60	40	30
4267 C	178	162	145
4268 C	162	142	122
4269 C	152	126	99
4270 C	129	114	91
4271 C	121	103	87
4272 C	106	85	75
4273 C	61	52	52
7527 C	204	200	183
7528 C	183	171	155
7529 C	166	152	135
7530 C	144	129	110
7531 C	101	84	66
7532 C	78	63	46
7533 C	53	41	29
7534 C	197	193	174
7535 C	167	160	137
7536 C	148	141	116
7537 C	151	156	144
7538 C	130	136	125
7539 C	123	125	118
7540 C	59	61	66
427 C	197	201	203
428 C	180	185	188
429 C	146	153	158
430 C	106	115	123
431 C	74	83	93
432 C	39	47	56
433 C	23	27	33
4274 C	162	167	171
4275 C	155	158	155
4276 C	139	137	140
4277 C	125	119	126
4278 C	107	106	111
4279 C	71	65	69
4280 C	28	31	40
420 C	187	188	187
421 C	163	164	163
422 C	141	144	144
423 C	119	121	123
424 C	93	95	95
425 C	66	69	71
426 C	27	29	31
441 C	176	186	183
442 C	144	156	155
443 C	126	139	139
444 C	93	105	106
445 C	61	70	71
446 C	47	53	52
447 C	41	44	40
413 C	171	172	161
414 C	152	152	140
415 C	126	128	117
416 C	106	107	96
417 C	81	83	73
418 C	63	65	57
419 C	25	26	25
4281 C	163	161	163
4282 C	159	153	155
4283 C	153	143	144
4284 C	94	87	96
4285 C	85	78	89
4286 C	76	66	74
4287 C	53	49	50
2330 C	196	194	189
2331 C	157	151	148
2332 C	121	118	114
2333 C	93	90	86
2334 C	88	81	79
2335 C	74	62	54
2336 C	60	58	55
400 C	182	177	167
401 C	159	152	142
402 C	138	131	121
403 C	120	113	103
404 C	98	91	81
405 C	85	78	69
Black C	33	30	28
4288 C	170	173	165
4289 C	136	134	135
4290 C	128	119	119
4291 C	97	90	91
4292 C	95	89	91
4293 C	81	72	81
4294 C	70	63	69
406 C	182	173	168
407 C	161	150	144
408 C	132	120	116
409 C	113	100	96
410 C	95	82	78
411 C	75	63	60
412 C	41	34	33
434 C	195	183	184
435 C	177	163	166
436 C	151	134	139
437 C	99	81	85
438 C	67	52	53
439 C	51	40	40
440 C	41	34	33
2473 C	182	168	175
2474 C	159	143	134
2475 C	142	114	108
2476 C	109	87	87
2477 C	91	69	66
2478 C	58	39	44
2479 C	46	38	35
Warm Gray 1 C	205	199	191
Warm Gray 2 C	190	183	174
Warm Gray 3 C	176	168	159
Warm Gray 4 C	166	157	148
Warm Gray 5 C	155	145	136
Warm Gray 6 C	147	138	129
Warm Gray 7 C	130	120	112
Warm Gray 8 C	120	110	102
Warm Gray 9 C	110	100	92
Warm Gray 10 C	101	90	82
Warm Gray 11 C	89	79	71
Cool Gray 1 C	208	208	205
Cool Gray 2 C	197	197	195
Cool Gray 3 C	188	188	187
Cool Gray 4 C	173	174	174
Cool Gray 5 C	162	162	163
Cool Gray 6 C	150	151	153
Cool Gray 7 C	133	134	137
Cool Gray 8 C	118	119	123
Cool Gray 9 C	98	100	104
Cool Gray 10 C	80	82	87
Cool Gray 11 C	66	67	72
Black 2 C	38	35	24
Black 3 C	25	29	25
Black 4 C	35	28	21
Black 5 C	46	31	34
Black 6 C	14	19	24
Black 7 C	45	43	40
10101 C	217	200	167
10102 C	196	182	152
10103 C	182	170	143
10104 C	168	158	133
10105 C	165	154	131
Silver 10077 C	160	150	127
10106 C	163	153	74
10107 C	163	152	56
10108 C	166	153	38
10109 C	168	153	17
10110 C	173	155	0
10111 C	182	160	0
10112 C	162	152	93
10113 C	163	151	70
10114 C	164	149	51
10115 C	166	147	33
10116 C	171	147	9
10117 C	175	145	0
10118 C	165	146	70
10119 C	168	143	52
10120 C	171	140	35
10121 C	175	135	15
10122 C	181	131	0
10123 C	191	128	0
10124 C	161	143	76
10125 C	161	138	59
10126 C	162	131	44
10127 C	163	124	30
10128 C	167	118	16
10129 C	175	111	0
10130 C	167	124	73
10131 C	164	112	55
10132 C	162	103	42
10133 C	158	93	29
10134 C	152	84	18
10135 C	150	77	3
10136 C	165	136	95
10137 C	162	122	74
10138 C	159	110	57
10139 C	155	100	44
10140 C	152	91	33
10141 C	146	81	23
10142 C	173	121	69
10143 C	176	110	52
10144 C	178	100	38
10145 C	182	91	24
10146 C	185	82	8
10147 C	190	74	0
10401 C	195	117	0
10402 C	183	122	41
10403 C	159	115	49
10404 C	160	124	68
10405 C	164	131	75
10406 C	172	137	83
10407 C	171	142	89
10408 C	170	125	81
10409 C	152	95	64
10410 C	145	84	68
10411 C	173	110	87
Rose Gold 10412 C	172	124	101
10148 C	175	113	83
10149 C	177	100	68
10150 C	178	88	54
10151 C	180	77	41
10152 C	185	67	29
10153 C	190	58	17
10154 C	166	129	103
10155 C	165	112	85
10156 C	164	96	71
10157 C	163	81	58
10158 C	163	68	47
10159 C	165	55	38
10413 C	183	51	46
10414 C	175	7	59
10415 C	164	41	42
10416 C	153	18	26
10417 C	164	21	32
10418 C	125	33	33
10160 C	176	103	104
10161 C	177	87	92
10162 C	177	73	80
10163 C	178	61	68
10164 C	181	51	57
10165 C	185	42	45
10166 C	168	100	107
10167 C	169	83	98
10168 C	169	67	88
10169 C	168	52	77
10170 C	168	38	67
10171 C	170	21	55
10172 C	156	101	116
10173 C	155	85	110
10174 C	154	70	103
10175 C	153	56	94
10176 C	154	42	86
10177 C	158	26	78
10178 C	168	117	122
10179 C	167	102	116
10180 C	167	88	111
10181 C	166	73	104
10182 C	166	60	98
10183 C	170	46	92
10419 C	177	104	93
10420 C	166	98	99
10421 C	144	45	77
10422 C	119	32	71
10423 C	130	54	95
10424 C	98	23	73
10184 C	166	122	128
10185 C	166	108	125
10186 C	164	93	120
10187 C	163	80	116
10188 C	165	66	113
10189 C	167	52	108
10190 C	150	128	116
10191 C	139	112	105
10192 C	129	97	95
10193 C	118	84	86
10194 C	107	71	76
10195 C	96	58	65
10196 C	157	123	124
10197 C	152	101	118
10198 C	147	84	111
10199 C	142	68	103
10200 C	138	54	96
10201 C	133	41	87
10202 C	147	103	118
10203 C	139	86	111
10204 C	132	71	104
10205 C	124	58	96
10206 C	117	46	88
10207 C	110	34	80
10208 C	156	117	127
10209 C	150	101	124
10210 C	143	86	119
10211 C	137	73	116
10212 C	132	60	112
10213 C	125	47	107
10214 C	135	103	126
10215 C	123	85	123
10216 C	112	70	119
10217 C	101	56	114
10218 C	89	42	108
10219 C	78	29	102
10220 C	148	126	129
10221 C	139	113	127
10222 C	130	101	124
10223 C	120	89	120
10224 C	111	77	117
10225 C	103	67	115
10226 C	143	127	129
10227 C	133	116	127
10228 C	123	104	125
10229 C	112	92	122
10230 C	101	80	118
10231 C	92	69	116
10232 C	123	108	123
10233 C	109	92	118
10234 C	96	78	112
10235 C	83	65	105
10236 C	72	53	99
10237 C	76	57	101
10425 C	57	60	110
10426 C	49	51	84
10427 C	41	43	92
10428 C	63	41	97
10429 C	55	30	78
10430 C	53	31	66
10238 C	127	116	129
10239 C	114	103	128
10240 C	100	88	125
10241 C	87	75	122
10242 C	75	62	118
10243 C	65	50	115
10244 C	105	112	129
10245 C	88	98	127
10246 C	72	85	124
10247 C	59	72	120
10248 C	49	60	116
10249 C	40	48	112
10250 C	139	136	130
10251 C	122	123	130
10252 C	106	111	130
10253 C	92	99	128
10254 C	79	87	125
10255 C	67	75	124
10256 C	118	127	130
10257 C	103	117	131
10258 C	89	107	130
10259 C	74	95	128
10260 C	62	85	128
10261 C	50	73	126
10262 C	132	134	121
10263 C	111	119	113
10264 C	92	105	105
10265 C	77	94	97
10266 C	63	82	88
10267 C	50	70	79
10431 C	127	141	126
10432 C	88	105	100
10433 C	29	95	113
10434 C	28	76	95
10435 C	104	100	92
10436 C	92	90	80
10268 C	112	133	133
10269 C	93	124	133
10270 C	77	115	132
10271 C	61	105	131
10272 C	46	96	131
10273 C	33	87	131
10274 C	112	140	132
10275 C	93	134	133
10276 C	76	129	134
10277 C	57	122	134
10278 C	38	116	135
10279 C	7	110	138
10280 C	119	140	123
10281 C	100	133	120
10282 C	82	124	114
10283 C	65	117	110
10284 C	48	109	105
10285 C	30	100	100
10286 C	117	145	125
10287 C	99	142	124
10288 C	80	138	121
10289 C	60	133	118
10290 C	36	129	115
10291 C	0	125	112
10437 C	68	95	59
10438 C	76	131	67
10439 C	68	129	84
10440 C	43	115	105
10441 C	31	82	79
10442 C	54	72	66
10292 C	122	151	121
10293 C	105	149	117
10294 C	86	147	112
10295 C	67	144	106
10296 C	45	142	102
10297 C	9	140	96
10298 C	126	145	96
10299 C	110	140	84
10300 C	95	135	72
10301 C	80	131	62
10302 C	66	127	53
10303 C	46	121	42
10304 C	132	147	90
10305 C	119	143	76
10306 C	106	138	63
10307 C	92	134	52
10308 C	79	131	42
10309 C	62	126	30
10310 C	142	141	107
10311 C	126	131	91
10312 C	112	121	78
10313 C	98	111	67
10314 C	85	100	57
10315 C	73	90	48
10316 C	142	152	85
10317 C	131	151	69
10318 C	121	150	55
10319 C	109	149	41
10320 C	98	148	26
10321 C	85	148	0
10322 C	154	153	76
10323 C	147	151	58
10324 C	144	153	42
10325 C	137	151	24
10326 C	132	152	0
10327 C	126	155	0
10328 C	139	139	82
10329 C	129	132	67
10330 C	118	124	55
10331 C	107	115	44
10332 C	97	108	34
10333 C	85	98	25
10334 C	145	133	90
10335 C	136	124	76
10336 C	127	116	64
10337 C	116	106	51
10338 C	105	97	41
10339 C	94	87	31
10340 C	150	131	86
10341 C	142	121	71
10342 C	133	112	58
10343 C	123	102	46
10344 C	113	93	35
10345 C	103	84	25
10346 C	154	129	84
10347 C	148	119	69
10348 C	141	111	57
10349 C	134	103	47
10350 C	125	93	36
10351 C	117	85	26
10352 C	161	139	100
10353 C	157	128	80
10354 C	151	117	64
10355 C	144	107	51
10356 C	137	98	39
10357 C	128	89	28
10358 C	151	124	82
10359 C	144	113	67
10360 C	136	102	54
10361 C	127	91	43
10362 C	117	81	33
10363 C	107	71	25
10364 C	161	132	94
10365 C	156	117	74
10366 C	148	103	57
10367 C	140	91	45
10368 C	131	80	34
10369 C	122	69	26
10370 C	152	132	101
10371 C	140	116	84
10372 C	130	103	70
10373 C	119	90	58
10374 C	106	77	47
10375 C	95	67	39
10376 C	138	117	91
10377 C	127	104	78
10378 C	115	91	66
10379 C	104	80	56
10380 C	93	69	47
10381 C	80	57	37
10443 C	171	114	84
10444 C	139	98	79
10445 C	140	106	83
10446 C	143	116	95
10447 C	127	105	88
10448 C	140	122	102
10382 C	139	123	106
10383 C	121	104	90
10384 C	104	88	76
10385 C	89	73	64
10386 C	76	61	53
10387 C	63	50	44
10449 C	180	169	136
10450 C	165	155	130
10451 C	102	94	76
10452 C	86	79	70
10453 C	74	71	63
10454 C	61	57	48
10388 C	130	123	107
10389 C	112	107	94
10390 C	95	92	81
10391 C	79	77	68
10392 C	66	65	58
10393 C	54	53	48
10394 C	113	103	83
10395 C	97	87	70
10396 C	81	72	58
10397 C	67	59	47
10398 C	54	48	38
10399 C	43	38	30
871 C	122	97	43
872 C	122	94	44
873 C	125	92	45
874 C	121	87	45
875 C	125	85	50
876 C	127	80	46
877 C	131	124	106
8001 C	129	118	97
8002 C	127	112	86
8003 C	126	107	79
8004 C	124	101	69
8005 C	120	92	57
8006 C	121	92	54
8020 C	143	115	84
8021 C	147	108	75
8022 C	155	93	53
8023 C	155	78	37
8024 C	158	69	22
8025 C	153	61	15
8040 C	139	123	100
8041 C	144	110	85
8042 C	145	101	75
8043 C	152	88	61
8044 C	151	73	43
8045 C	147	66	36
8060 C	142	112	101
8061 C	143	99	93
8062 C	146	87	84
8063 C	150	72	73
8064 C	147	69	65
8065 C	142	62	55
8080 C	139	115	109
8081 C	142	90	104
8082 C	144	76	101
8083 C	147	56	96
8084 C	149	37	81
8085 C	146	25	68
8100 C	136	104	110
8101 C	135	87	108
8102 C	133	73	106
8103 C	132	53	102
8104 C	135	36	89
8105 C	128	24	74
8120 C	135	115	112
8121 C	131	103	111
8122 C	126	85	109
8123 C	126	67	110
8124 C	126	54	95
8125 C	121	48	84
8140 C	125	103	111
8141 C	118	89	111
8142 C	111	73	113
8143 C	101	57	110
8144 C	103	58	95
8145 C	97	50	83
8160 C	128	118	112
8161 C	118	106	113
8162 C	95	78	115
8163 C	85	63	117
8164 C	80	55	108
8165 C	75	47	100
8180 C	126	124	113
8181 C	99	106	117
8182 C	79	92	120
8183 C	62	78	123
8184 C	48	66	109
8185 C	44	58	96
8200 C	113	123	114
8201 C	97	116	116
8202 C	79	109	119
8203 C	56	100	122
8204 C	61	97	104
8205 C	56	90	93
8220 C	109	123	113
8221 C	94	120	116
8222 C	74	117	121
8223 C	53	110	122
8224 C	34	98	105
8225 C	30	88	90
8240 C	125	126	110
8241 C	96	122	112
8242 C	78	120	114
8243 C	57	115	114
8244 C	61	107	95
8245 C	56	102	86
8260 C	112	124	107
8261 C	99	122	105
8262 C	79	117	101
8263 C	56	112	96
8264 C	48	101	80
8265 C	37	90	67
8280 C	119	130	108
8281 C	104	130	105
8282 C	90	130	103
8283 C	69	132	101
8284 C	78	123	87
8285 C	72	120	77
8300 C	122	130	100
8301 C	109	131	92
8302 C	96	132	84
8303 C	79	132	74
8304 C	86	122	65
8305 C	80	114	55
8320 C	132	129	100
8321 C	119	132	81
8322 C	111	134	69
8323 C	98	135	53
8324 C	107	131	50
8325 C	101	121	39
8340 C	132	130	85
8341 C	130	132	73
8342 C	129	137	58
8343 C	122	137	41
8344 C	119	130	16
8345 C	115	123	0
8360 C	139	131	80
8361 C	141	132	66
8362 C	145	135	50
8363 C	152	138	27
8364 C	148	127	30
8365 C	149	122	17
8380 C	137	127	94
8381 C	140	126	81
8382 C	144	123	67
8383 C	149	121	54
8384 C	152	111	31
8385 C	151	104	20
8400 C	123	114	96
8401 C	115	106	88
8402 C	98	90	74
8403 C	82	74	61
8404 C	69	60	45
8405 C	62	51	38
8420 C	134	121	101
8421 C	118	107	89
8422 C	104	92	77
8423 C	89	76	63
8424 C	83	64	50
8425 C	78	58	44
8440 C	141	111	93
8441 C	148	101	85
8442 C	151	88	74
8443 C	157	74	62
8444 C	160	60	46
8445 C	156	53	38
8460 C	132	118	105
8461 C	123	102	95
8462 C	117	92	88
8463 C	107	77	78
8464 C	99	57	61
8465 C	96	53	54
8480 C	62	80	84
8481 C	71	76	84
8482 C	48	66	78
8483 C	31	50	73
8484 C	39	64	91
8485 C	47	72	101
8500 C	104	109	88
8501 C	80	99	71
8502 C	61	77	70
8503 C	38	45	43
8504 C	45	60	63
8505 C	51	66	69
8520 C	106	97	58
8521 C	67	65	41
8522 C	51	56	38
8523 C	38	45	32
8524 C	44	56	46
8525 C	49	63	54
8540 C	117	54	51
8541 C	93	47	45
8542 C	81	32	34
8543 C	75	33	43
8544 C	82	40	54
8545 C	82	43	57
8560 C	103	57	36
8561 C	101	48	41
8562 C	95	41	41
8563 C	96	49	38
8564 C	102	56	47
8565 C	101	58	51
8580 C	132	86	30
8581 C	113	69	25
8582 C	106	63	21
8583 C	90	50	14
8584 C	90	53	20
8585 C	95	59	26
8600 C	78	66	53
8601 C	62	50	41
8602 C	50	42	39
8603 C	39	35	36
8604 C	43	43	48
8605 C	49	50	56
8620 C	101	72	38
8621 C	80	58	32
8622 C	67	49	30
8623 C	53	43	30
8624 C	54	45	33
8625 C	56	48	37
8640 C	143	103	16
8641 C	154	114	0
8642 C	159	118	0
8643 C	159	117	0
8644 C	158	126	0
8645 C	153	129	0
8660 C	126	99	20
8661 C	120	104	0
8662 C	119	109	0
8663 C	111	114	0
8664 C	118	125	0
8665 C	118	128	19
8680 C	107	94	32
8681 C	104	104	21
8682 C	92	107	11
8683 C	82	117	0
8684 C	82	117	19
8685 C	86	122	32
8700 C	98	96	45
8701 C	89	101	36
8702 C	76	105	33
8703 C	59	109	30
8704 C	65	117	45
8705 C	69	122	55
8720 C	68	90	54
8721 C	74	97	53
8722 C	54	96	55
8723 C	42	108	59
8724 C	50	117	73
8725 C	55	120	81
8740 C	61	84	62
8741 C	45	84	54
8742 C	45	86	62
8743 C	21	86	70
8744 C	29	94	83
8745 C	39	99	92
8760 C	40	79	65
8761 C	17	75	72
8762 C	43	71	69
8763 C	26	65	76
8764 C	34	75	89
8765 C	42	82	98
8780 C	54	42	66
8781 C	51	49	63
8782 C	46	37	81
8783 C	34	38	77
8784 C	41	49	89
8785 C	49	57	98
8800 C	73	38	60
8801 C	69	39	65
8802 C	59	29	69
8803 C	65	28	65
8804 C	69	37	77
8805 C	75	45	87
8820 C	119	42	63
8821 C	115	27	63
8822 C	94	35	71
8823 C	83	23	71
8824 C	87	34	83
8825 C	88	37	91
8840 C	126	41	57
8841 C	124	27	56
8842 C	124	6	60
8843 C	114	5	66
8844 C	114	21	77
8845 C	112	35	84
8860 C	136	48	41
8861 C	130	39	45
8862 C	135	25	46
8863 C	134	4	41
8864 C	132	22	54
8865 C	129	34	63
8880 C	133	57	48
8881 C	139	44	52
8882 C	151	31	60
8883 C	155	29	40
8884 C	149	38	48
8885 C	147	46	56
8900 C	147	59	31
8901 C	168	57	34
8902 C	170	56	49
8903 C	178	46	45
8904 C	176	54	56
8905 C	168	59	61
8920 C	146	71	38
8921 C	165	60	18
8922 C	169	57	0
8923 C	171	51	9
8924 C	166	57	22
8925 C	161	62	30
8940 C	146	78	16
8941 C	154	74	0
8942 C	159	68	0
8943 C	175	68	0
8944 C	170	72	0
8945 C	160	76	17
8960 C	140	91	16
8961 C	150	83	0
8962 C	158	87	0
8963 C	167	77	0
8964 C	158	80	0
8965 C	154	87	18
9140 C	249	235	175
9284 C	246	197	180
9324 C	242	197	196
9344 C	211	177	197
9464 C	189	217	205
9524 C	201	230	191
9084 C	176	163	135
9060 C	249	237	187
9280 C	249	223	195
9320 C	246	219	201
9340 C	238	216	202
9460 C	229	232	206
9520 C	230	236	200
9083 C	209	196	165
9064 C	250	237	192
9285 C	249	232	199
9061 C	249	229	202
9345 C	246	229	202
9062 C	241	235	204
9063 C	242	236	200
9081 C	230	216	183
9043 C	240	227	192
9080 C	236	222	189
9100 C	240	227	193
9101 C	235	224	191
9102 C	225	215	183
9103 C	221	212	181
9082 C	215	201	168
9121 C	248	236	152
9120 C	247	236	158
9141 C	248	234	166
9142 C	239	224	170
9161 C	235	215	160
9143 C	232	219	168
9162 C	231	213	167
9160 C	247	225	166
9180 C	247	225	177
9181 C	247	223	173
9200 C	248	222	176
9201 C	248	223	176
9220 C	248	220	178
9221 C	238	210	169
9184 C	244	225	178
9185 C	242	221	179
9202 C	241	219	177
9182 C	239	217	172
9183 C	232	211	170
9203 C	231	209	169
9186 C	229	208	169
9224 C	248	229	189
9225 C	246	226	186
9226 C	241	223	185
9222 C	233	210	172
9223 C	229	208	171
9242 C	235	209	177
9243 C	227	202	171
9244 C	249	229	195
9240 C	249	225	192
9260 C	248	218	188
9241 C	243	217	185
9261 C	241	212	182
9262 C	237	210	180
9263 C	231	206	176
9286 C	248	219	193
9281 C	245	217	191
9300 C	246	217	195
9282 C	242	215	189
9301 C	243	216	194
9321 C	240	210	195
9302 C	234	203	184
9021 C	247	227	197
9022 C	246	227	201
9023 C	241	224	202
9283 C	237	212	185
9303 C	233	206	184
9322 C	235	204	190
9323 C	228	200	184
9360 C	229	212	203
9341 C	233	211	198
9342 C	230	208	195
9343 C	227	205	194
9361 C	226	207	199
9362 C	227	208	197
9363 C	214	194	187
9380 C	231	221	204
9384 C	229	220	204
9381 C	221	213	200
9382 C	215	206	198
9383 C	219	209	196
9385 C	216	210	193
9403 C	217	214	197
9400 C	226	222	204
9401 C	226	221	205
9402 C	225	220	202
9420 C	223	223	204
9421 C	219	219	201
9422 C	215	213	196
9423 C	205	205	188
9424 C	213	223	200
9440 C	211	220	202
9441 C	211	220	204
9442 C	208	217	199
9461 C	209	222	200
9462 C	203	216	194
9443 C	201	209	192
9480 C	219	230	201
9481 C	216	229	203
9500 C	211	229	200
9482 C	212	224	197
9501 C	205	221	191
9483 C	212	216	188
9463 C	206	214	191
9042 C	237	228	197
9041 C	235	233	197
9040 C	233	232	204
9044 C	216	222	194
9045 C	214	219	188
9503 C	216	218	188
9504 C	211	214	185
9525 C	240	236	195
9540 C	237	236	198
9541 C	235	233	196
9521 C	227	230	195
9522 C	227	227	193
9523 C	225	223	190
9502 C	219	224	193
9544 C	240	236	189
9560 C	235	236	190
9561 C	227	228	181
9562 C	225	222	179
9563 C	223	218	178
9542 C	216	215	177
9543 C	210	211	173
9020 C	246	234	172
9600 C	240	233	173
9601 C	237	229	177
9122 C	234	222	158
9602 C	224	215	163
9603 C	224	213	168
9123 C	226	214	160
9580 C	237	235	178
9581 C	231	227	177
9584 C	228	222	175
9582 C	223	215	173
9583 C	212	206	161
9585 C	223	215	171
9163 C	220	203	159
801 C	57	149	178
802 C	131	211	49
803 C	255	230	0
804 C	255	167	67
805 C	255	110	100
806 C	246	59	153
807 C	212	37	165
901 C	81	164	189
902 C	174	230	100
903 C	255	241	96
904 C	255	201	119
905 C	255	153	142
906 C	245	120	183
907 C	227	101	187
908 C	89	170	190
909 C	195	235	121
910 C	255	240	120
911 C	255	213	142
912 C	255	168	156
913 C	245	142	186
914 C	230	123	191
915 C	111	183	196
916 C	206	236	141
917 C	252	241	140
918 C	255	220	156
919 C	255	188	172
920 C	248	169	195
921 C	239	158	198
808 C	90	178	131
809 C	231	230	44
810 C	255	211	50
811 C	255	139	92
812 C	248	91	137
813 C	229	70	167
814 C	141	102	182
922 C	107	187	141
923 C	241	238	90
924 C	255	227	98
925 C	255	169	126
926 C	249	128	161
927 C	235	114	185
928 C	155	119	188
929 C	125	196	152
930 C	244	240	117
931 C	255	230	114
932 C	255	183	141
933 C	249	151	174
934 C	238	137	192
935 C	174	142	194
936 C	155	208	169
937 C	247	241	141
938 C	255	235	145
939 C	255	203	164
940 C	251	178	186
941 C	243	164	197
942 C	196	169	199
